61
40
-48
38
54
-52
-43
-45
-53
-44
57
62
60
56
58
40
-50
55
-50
-50
47
-45
-44
54
-55
60
-60
-44
60
69
59
64
66
51
64
54
59
-35
58
47
-42
41
-38
52
-52
-36
45
-48
59
-48
46
62
62
62
-40
62
-45
-45
-37
63
-44
62
59
-86
-44
-44
61
60
62
53
-35
-46
64
62
48
66
61
-56
-56
-40
-47
-45
48
67
-55
-42
62
54
-36
55
49
62
-40
32
-40
47
54
61
55
61
61
-42
61
41
61
60
-47
-43
61
51
-45
61
-34
56
61
-35
61
61
61
61
49
-49
61
61
61
61
61
61
59
61
61
61
27
49
56
-42
61
57
61
48
44
60
61
51
60
61
-45
53
65
60
-58
55
53
61
61
-58
61
61
64
68
-44
56
55
62
63
47
61
-40
53
61
61
61
63
65
61
41
75
61
53
-44
57
63
-39
-42
61
52
-56
61
61
61
61
-42
46
61
61
61
51
61
-54
47
61
35
61
61
61
61
61
-43
-42
61
61
61
61
61
61
61
61
61
61
-40
-55
61
-61
61
61
-44
61
-39
61
-52
53
63
-47
61
57
-42
65
61
-45
61
61
60
59
61
-43
61
61
61
57
63
-56
61
54
61
46
61
61
61
60
61
61
61
61
54
44
61
61
62
60
55
-43
55
60
58
61
61
61
57
43
62
47
-42
68
61
61
55
55
73
65
-46
61
61
60
61
-43
36
61
61
61
-29
59
-45
-43
61
63
61
61
61
61
65
54
61
61
66
61
61
61
61
-48
49
61
59
37
61
59
63
61
63
44
68
61
61
61
61
-57
59
-42
59
61
61
62
61
-42
63
61
40
55
59
61
61
61
61
49
-55
52
-62
61
61
-42
61
61
52
57
61
-55
61
65
66
61
61
61
61
61
61
-54
61
57
61
61
41
-43
55
47
49
61
61
63
61
61
56
-52
56
53
54
61
61
55
49
58
61
61
62
50
55
61
-52
-38
-57
61
61
54
61
61
66
-37
61
-41
-43
61
55
58
61
61
54
61
61
-73
-41
61
61
61
68
44
-49
61
61
61
63
63
-56
61
52
-37
56
-33
55
52
61
57
61
61
60
61
-44
61
-46
56
61
-45
61
61
63
61
-50
61
56
61
54
61
-57
60
61
61
50
61
61
-57
59
50
-46
-39
-65
67
65
54
64
62
58
58
-51
-53
41
51
64
-43
-42
-42
64
-44
55
-44
70
61
71
64
64
63
-45
56
66
65
55
67
64
66
64
57
69
-54
70
59
56
-42
67
62
-35
59
-44
55
62
61
64
-36
25
64
56
66
53
69
61
58
62
61
64
-50
43
59
-49
60
66
64
32
60
67
55
-45
40
58
-44
52
66
44
-41
63
-52
49
53
54
-66
-44
45
-44
-44
-43
-45
-44
41
-43
38
-44
-47
63
-40
-6
55
-47
-55
-38
41
-45
-47
-45
-44
67
48
72
56
57
-40
68
61
61
61
61
53
63
61
61
61
48
54
-45
61
49
-33
61
-45
-56
61
63
61
-42
-42
61
61
63
61
-55
61
61
61
57
-48
61
61
61
61
41
61
61
61
61
65
61
63
58
57
-42
61
-43
36
61
57
-42
61
56
61
43
61
47
61
61
61
61
62
49
61
-47
-44
-44
48
61
63
62
-44
63
-45
49
-53
-44
-45
60
60
-43
63
61
46
57
-60
63
61
57
53
61
-51
64
61
61
61
61
61
0
61
61
53
44
65
58
56
-47
61
61
61
-41
61
60
61
61
61
55
-41
49
-45
61
61
61
61
58
56
61
-44
61
61
61
61
59
54
61
61
52
61
56
52
-43
63
61
61
54
-53
54
61
61
61
61
-53
61
43
46
59
61
60
-44
60
63
61
61
61
61
61
61
61
56
61
61
61
61
41
61
50
61
61
61
61
65
61
61
62
-57
61
-52
-43
60
57
60
60
65
58
60
59
61
60
63
53
60
60
60
44
54
60
60
61
60
60
60
60
60
60
60
60
-43
60
-50
60
60
56
60
60
60
60
60
60
56
55
58
60
53
60
50
60
60
60
71
63
60
61
-42
60
60
60
-43
65
60
60
60
59
-58
60
52
57
63
-40
60
-42
60
60
-41
60
60
60
60
60
64
38
61
45
45
-51
52
-51
65
54
60
63
57
54
-40
60
-44
60
60
-42
60
60
60
64
60
60
60
60
63
60
51
60
35
62
60
60
64
-49
60
61
61
61
-64
63
61
-64
60
60
60
60
60
60
60
57
-24
53
60
60
60
-31
58
69
60
62
60
44
60
60
60
60
60
60
60
-42
60
36
60
60
60
60
-43
62
60
-43
60
50
60
-42
63
-42
54
48
60
60
60
-53
60
61
60
60
60
60
60
60
60
-43
60
60
61
60
-42
60
-45
60
60
55
60
60
60
60
60
60
60
60
60
60
60
60
43
60
-42
50
60
60
60
60
60
60
47
-61
57
60
-61
60
60
60
60
60
-54
60
57
52
-44
57
43
60
60
37
-45
60
-43
60
60
60
60
60
60
60
60
40
-44
61
60
60
52
60
60
60
60
58
60
59
60
60
44
-44
-42
60
60
-51
60
60
60
56
61
-38
60
60
-55
57
63
60
60
60
60
60
-65
60
49
60
60
60
60
60
52
60
60
60
-42
60
62
52
51
60
60
60
56
-49
60
60
57
-43
-39
60
60
33
-54
61
-42
61
59
61
60
-42
51
61
61
60
61
61
-56
61
53
61
61
61
-43
60
60
60
60
60
60
60
60
61
52
39
60
58
60
60
-50
60
60
50
60
60
60
60
60
-42
60
-43
60
60
-42
60
60
60
60
40
62
60
60
60
60
-50
60
-42
60
50
60
60
60
60
60
60
60
60
57
60
60
60
60
63
53
58
60
60
60
60
60
60
50
61
60
60
60
60
60
59
-43
61
61
61
61
61
61
50
44
58
52
60
58
61
60
60
60
-48
60
60
56
42
61
60
59
47
68
60
61
48
-62
60
61
60
60
43
49
60
60
60
60
61
60
46
63
-82
64
60
59
60
60
60
60
50
60
-41
-57
60
60
60
61
60
60
60
53
59
60
60
60
60
60
60
60
60
60
-43
60
60
60
60
-46
60
60
60
60
60
-51
60
60
-66
60
60
60
-44
60
60
60
60
60
54
60
60
60
60
60
60
52
60
60
60
44
60
60
60
60
60
60
54
60
60
60
60
60
60
60
60
53
-42
60
67
60
60
60
60
52
61
61
58
60
60
44
-41
60
60
60
46
60
60
60
60
60
60
60
60
60
60
60
60
60
60
-42
60
60
60
60
63
48
60
60
52
60
60
60
60
60
60
60
60
60
60
60
60
60
60
60
-57
60
60
60
60
60
60
-37
66
60
60
60
60
60
60
60
60
60
60
60
60
-42
60
60
60
-42
38
46
61
60
60
53
56
60
60
60
-62
60
60
60
60
60
60
60
48
60
-43
60
60
60
62
-45
52
-37
-60
60
60
64
64
60
60
60
-66
60
61
52
63
60
53
40
60
60
60
60
60
-43
60
60
60
60
56
61
60
60
60
-49
60
60
61
-43
60
60
50
60
60
60
60
60
60
60
56
60
60
60
60
54
-51
-42
60
56
60
60
60
60
60
60
60
57
63
60
60
60
57
60
60
60
60
63
-49
60
60
60
-43
60
60
60
60
-43
60
60
61
60
60
60
60
60
60
60
60
60
60
60
60
60
60
60
60
60
60
60
60
60
47
60
60
60
60
60
60
60
60
59
46
60
60
-42
60
60
60
60
60
60
60
60
60
-46
60
60
60
60
60
60
60
60
68
60
60
60
60
60
60
60
63
60
60
60
60
44
60
60
-45
60
60
60
60
60
60
60
60
60
-41
60
60
-43
50
60
60
60
60
60
60
60
60
60
60
60
69
47
60
60
60
60
60
60
60
53
45
60
60
60
60
-43
-42
60
60
60
60
60
50
60
60
60
60
60
60
60
60
60
61
48
60
60
60
60
60
60
60
57
63
60
60
60
54
63
60
60
60
-41
60
60
60
60
60
60
60
60
60
60
60
60
60
60
60
60
-42
60
49
60
60
60
60
60
46
60
60
60
60
60
60
60
60
60
60
60
60
60
60
60
60
60
60
60
60
-42
60
60
60
60
60
-62
60
60
60
60
60
60
60
60
60
60
60
60
60
62
64
61
60
60
60
63
-57
60
60
28
60
46
60
60
60
60
60
60
62
46
60
60
60
47
47
45
60
60
60
60
60
63
62
-83
60
62
60
56
49
60
60
60
60
60
60
60
60
60
60
60
60
60
60
60
60
60
-62
60
59
60
60
60
60
60
60
60
60
39
55
60
60
43
60
47
61
60
60
28
60
60
60
60
60
60
60
60
60
-42
52
60
-44
60
-63
60
60
60
60
60
60
51
60
60
60
60
60
60
60
60
60
37
-72
60
60
60
-68
60
60
60
60
60
60
30
64
-66
64
60
60
60
60
60
60
60
60
60
60
56
60
60
60
55
37
60
60
60
60
60
60
58
60
60
60
60
62
-54
60
60
60
60
-42
60
-43
61
60
58
60
60
60
49
-69
50
60
60
60
47
60
60
60
60
60
60
60
60
60
60
60
60
60
60
-56
36
55
60
60
60
60
60
60
60
60
-55
51
60
60
60
60
60
-58
60
60
60
60
60
60
60
60
60
60
-42
60
60
60
60
60
60
60
60
60
60
-67
60
60
60
60
60
60
60
60
60
60
59
62
60
60
63
60
60
-62
60
-42
60
60
60
60
60
60
60
60
60
48
60
52
60
60
60
60
60
60
60
60
60
60
60
60
60
-46
60
60
60
60
51
60
60
60
60
60
60
60
60
60
60
60
31
19
60
60
60
60
60
60
60
60
60
49
-78
60
60
60
60
60
60
60
60
60
-42
60
-69
60
63
60
60
60
60
60
60
60
60
60
60
60
60
60
60
60
-44
60
60
60
60
60
60
-57
60
60
60
60
60
60
60
60
-53
60
60
60
40
60
60
60
60
60
60
60
60
60
60
60
60
60
60
60
60
60
60
60
60
60
60
60
60
60
60
60
60
60
60
60
60
60
60
60
60
60
60
60
60
-43
60
60
60
60
60
37
60
60
41
60
-43
60
53
60
60
60
60
60
60
60
60
60
60
60
60
60
60
60
60
60
60
60
60
60
60
60
60
60
60
60
60
60
60
60
60
60
-41
60
60
60
48
60
60
60
60
60
60
60
60
60
60
60
60
60
60
60
60
60
61
60
60
60
60
-61
60
60
60
60
60
60
60
60
60
60
60
60
60
60
-68
60
60
60
60
60
60
41
60
60
60
60
60
60
60
60
60
60
60
60
60
60
60
60
60
60
60
60
60
60
60
60
60
60
60
60
60
60
60
60
60
61
60
60
60
60
60
60
60
60
60
60
60
60
60
60
-66
62
57
60
60
60
60
60
60
56
60
60
60
60
60
60
60
60
60
60
60
60
30
60
60
54
-67
60
60
60
60
60
60
60
52
61
61
61
61
61
58
61
61
61
61
61
61
61
61
61
61
61
61
61
61
61
61
61
61
61
61
61
61
61
61
53
61
61
61
53
61
61
61
61
61
61
61
61
61
61
61
61
61
61
-43
60
60
60
60
60
60
60
60
60
60
60
60
60
60
60
60
60
60
60
60
60
60
26
60
60
60
60
60
60
60
60
-44
60
48
60
60
60
60
60
60
60
60
60
60
60
60
60
60
60
60
60
60
60
60
60
60
60
60
60
60
60
60
60
60
60
60
60
60
60
60
60
60
60
60
60
60
60
60
60
60
60
60
60
60
60
60
60
60
60
60
60
60
60
60
60
60
60
60
60
60
60
60
60
60
60
60
60
60
60
60
60
60
60
60
60
60
60
60
60
60
60
60
60
60
60
60
60
60
60
60
60
60
60
60
60
60
60
60
60
60
60
60
60
60
60
60
60
60
60
60
60
60
60
60
60
60
60
60
60
60
60
60
60
60
61
60
60
60
60
60
60
60
60
60
60
60
60
60
60
60
60
60
60
60
60
60
60
60
60
60
60
31
60
60
60
60
60
60
60
60
60
60
60
60
60
60
60
60
60
60
60
60
60
60
60
60
60
60
60
60
60
60
60
60
60
60
60
59
60
60
60
60
60
60
60
60
60
60
60
60
60
60
60
60
60
60
60
60
60
60
60
60
60
60
60
60
60
60
60
60
60
60
60
60
60
60
60
60
60
60
60
60
60
60
60
60
60
60
60
60
60
60
60
60
60
60
60
60
60
60
60
60
60
60
60
60
60
60
60
60
60
60
60
60
60
60
60
60
60
60
60
60
61
60
60
60
60
60
60
60
60
60
60
60
60
60
60
60
60
60
60
60
60
60
60
60
60
60
60
60
60
60
60
60
60
60
60
60
-71
60
60
60
60
60
60
60
60
60
60
60
60
60
60
60
60
60
60
60
60
60
60
60
60
60
60
60
60
60
60
60
60
60
60
60
-53
60
60
60
60
60
60
60
60
60
60
60
60
60
60
60
60
60
60
60
60
60
60
60
60
60
60
60
60
60
60
60
60
60
60
60
60
60
60
60
60
60
60
60
60
60
60
60
60
60
60
60
60
60
60
60
60
60
60
60
60
60
60
60
60
60
60
60
60
60
60
60
60
60
60
60
61
60
60
60
60
60
60
60
60
60
60
60
60
60
60
60
60
60
60
60
60
60
60
60
60
60
60
60
60
60
60
60
60
60
60
60
60
60
60
60
60
60
60
60
60
60
60
60
60
60
60
60
60
60
60
60
60
60
60
60
60
60
60
60
60
60
60
60
60
60
60
60
60
60
60
60
60
60
55
60
60
60
60
53
60
60
60
60
60
60
60
60
60
60
60
60
60
60
60
60
60
60
60
60
60
60
60
60
60
60
60
60
60
60
60
60
60
60
60
60
60
60
60
60
60
60
60
60
60
60
60
60
60
60
60
60
60
60
60
60
60
60
60
60
60
60
60
60
61
60
60
60
60
60
60
60
60
60
60
60
60
60
60
60
60
60
60
60
60
60
60
60
60
60
60
60
60
60
60
60
60
60
60
60
60
60
60
60
60
60
60
60
60
60
60
60
60
60
60
60
60
60
60
60
60
60
60
60
60
60
60
60
60
60
60
60
60
60
60
60
60
60
60
60
60
60
60
60
60
60
60
60
60
60
17
60
60
60
60
60
48
60
60
60
60
60
60
60
60
60
60
60
60
60
60
60
60
60
60
60
60
60
60
60
60
60
60
60
60
60
60
60
60
60
60
60
60
60
60
60
60
60
60
60
60
60
60
60
60
60
60
60
60
60
60
60
61
60
60
60
60
60
60
60
60
60
60
60
60
60
60
60
60
60
60
60
60
60
60
60
60
60
60
60
60
60
60
60
60
60
60
60
60
60
60
60
60
60
60
60
60
60
60
60
60
60
60
60
60
60
60
60
60
60
60
60
60
60
60
60
60
60
60
60
60
60
60
60
60
60
60
60
60
60
60
60
60
60
60
60
60
60
60
60
60
60
60
60
60
60
-84
60
60
60
60
60
60
63
60
60
60
60
60
60
60
60
60
60
60
60
60
60
60
60
60
60
60
60
60
60
60
60
60
60
60
60
60
60
60
60
60
60
60
60
60
60
60
60
60
60
60
60
60
60
61
60
60
60
60
60
60
60
60
60
60
60
60
60
60
60
60
60
60
60
60
60
60
60
60
60
60
60
60
60
60
60
60
60
60
60
60
60
60
60
60
60
60
60
60
60
60
60
60
60
60
60
60
60
60
60
60
60
60
60
60
60
60
60
60
60
60
60
60
60
60
60
60
60
60
60
60
60
60
60
60
60
60
60
60
60
60
60
60
60
60
60
60
60
60
60
60
60
60
60
60
60
60
60
60
-87
60
60
60
60
63
60
60
60
60
60
60
60
60
60
60
60
60
60
60
60
60
60
60
60
60
60
60
60
60
60
60
60
60
60
60
60
60
60
60
60
60
60
61
60
60
60
60
60
60
60
60
60
60
60
60
60
60
60
60
60
60
60
60
60
60
60
60
60
60
60
60
60
60
60
60
60
60
60
60
60
60
60
60
60
60
60
60
60
60
60
60
60
60
60
60
60
60
60
60
60
60
60
60
60
60
60
60
60
60
60
60
60
60
60
60
60
60
60
60
60
60
60
60
60
60
60
60
60
60
60
60
60
60
60
60
60
60
60
60
60
60
60
60
60
60
60
60
60
60
60
60
60
60
60
60
60
60
60
38
60
60
60
60
60
60
60
60
60
60
60
60
60
60
60
60
60
60
60
60
60
60
60
60
60
60
60
60
60
60
60
61
60
60
60
60
60
60
60
60
60
60
60
60
60
60
60
60
60
60
60
60
60
60
60
60
60
60
60
60
60
60
60
60
60
60
60
60
60
60
60
60
60
60
60
60
60
60
60
60
60
60
60
60
60
60
60
60
60
60
60
60
60
60
60
60
60
60
60
60
60
60
60
60
60
60
60
60
60
60
60
60
60
60
60
60
60
60
60
60
60
60
60
60
60
60
60
60
60
60
60
60
60
60
60
60
60
60
60
60
60
60
60
60
60
60
60
60
60
60
60
60
60
60
60
41
60
60
60
52
60
60
60
60
60
60
60
60
60
60
60
60
60
60
60
60
60
60
60
61
60
60
60
60
60
60
60
60
60
60
60
60
60
60
60
60
60
60
60
60
60
60
60
60
60
60
60
60
60
60
60
60
60
60
60
60
60
60
60
60
60
60
60
60
60
60
60
60
60
60
60
60
60
60
60
60
60
60
60
60
60
60
60
60
60
60
60
60
60
60
60
60
60
60
60
60
60
60
60
60
60
60
60
60
60
60
60
60
60
60
60
60
60
60
60
60
60
60
60
60
60
60
60
60
60
60
60
60
60
60
60
60
60
60
60
60
60
60
60
60
60
60
60
60
60
60
60
60
60
60
60
46
60
60
60
60
57
60
60
60
60
60
60
60
60
60
60
61
60
60
60
60
60
60
60
60
60
60
60
60
60
60
60
60
60
60
60
60
60
60
60
60
60
60
60
60
60
60
60
60
60
60
60
60
60
60
60
60
60
60
60
60
60
60
60
60
60
60
60
60
60
60
60
60
60
60
60
60
60
60
60
60
60
60
60
60
60
60
60
60
60
60
60
60
60
60
60
60
60
60
60
60
60
60
60
60
60
60
60
60
60
60
60
60
60
60
60
60
60
60
60
60
60
60
60
60
60
60
60
60
60
60
60
60
60
60
60
60
60
60
60
60
60
60
60
60
60
60
60
60
60
60
60
60
60
60
60
-56
60
60
60
60
60
57
60
61
60
60
60
60
60
60
60
60
60
60
60
60
60
60
60
60
60
60
60
60
60
60
60
60
60
60
60
60
60
60
60
60
60
60
60
60
60
60
60
60
60
60
60
60
60
60
60
60
60
60
60
60
60
60
60
60
60
60
60
60
60
60
60
60
60
60
60
60
60
60
60
60
60
60
60
60
60
60
60
60
60
60
60
60
60
60
60
60
60
60
60
60
60
60
60
60
60
60
60
60
60
60
60
60
60
60
60
60
60
60
60
60
60
60
60
60
60
60
60
60
60
60
60
60
60
60
60
60
60
60
60
60
60
60
60
60
60
60
60
60
60
60
60
60
60
61
60
60
60
60
44
60
60
60
51
60
60
60
60
60
60
60
60
60
60
60
60
60
60
60
60
60
60
60
60
60
60
60
60
60
60
60
60
60
60
60
60
60
60
60
60
60
60
60
60
60
60
60
60
60
60
60
60
60
60
60
60
60
60
60
60
60
60
60
60
60
60
60
60
60
60
60
60
60
60
60
60
60
60
60
60
60
60
60
60
60
60
60
60
60
60
60
60
60
60
60
60
60
60
60
60
60
60
60
60
60
60
60
60
60
60
60
60
60
60
60
60
60
60
60
60
60
60
60
60
60
60
60
60
60
60
60
60
60
60
60
60
60
60
60
60
60
60
61
60
60
60
60
60
60
60
60
60
60
60
60
-86
60
60
60
60
52
60
60
60
60
60
60
60
60
60
60
60
60
60
60
60
60
60
60
60
60
60
60
60
60
60
60
60
60
60
60
60
60
60
60
60
60
60
60
60
60
60
60
60
60
60
60
60
60
60
60
60
60
60
60
60
60
60
60
60
60
60
60
60
60
60
60
60
60
60
60
60
60
60
60
60
60
60
60
60
60
60
60
60
60
60
60
60
60
60
60
60
60
60
60
60
60
60
60
60
60
60
60
60
60
60
60
60
60
60
60
60
60
60
60
60
60
60
60
60
60
60
60
60
60
60
60
60
60
61
60
60
60
60
60
60
60
60
60
60
60
60
60
60
60
60
60
60
60
60
60
60
60
60
34
60
60
63
60
60
60
60
60
60
60
60
60
60
60
60
60
60
60
60
60
60
60
60
60
60
60
60
60
60
60
60
60
60
60
60
60
60
60
60
60
60
60
60
60
60
60
60
60
60
60
60
60
60
60
60
60
60
60
60
60
60
60
60
60
60
60
60
60
60
60
60
60
60
60
60
60
60
60
60
60
60
60
60
60
60
60
60
60
60
60
60
60
60
60
60
60
60
60
60
60
60
60
60
60
60
60
60
60
60
60
60
60
60
60
60
60
60
60
60
60
60
60
61
60
60
60
60
60
60
60
60
60
60
60
60
60
60
60
60
60
60
60
60
60
60
60
60
60
60
60
60
60
60
60
60
30
60
60
60
48
60
60
60
60
60
60
60
60
60
60
60
60
60
60
60
60
60
60
60
60
60
60
60
60
60
60
60
60
60
60
60
60
60
60
60
60
60
60
60
60
60
60
60
60
60
60
60
60
60
60
60
60
60
60
60
60
60
60
60
60
60
60
60
60
60
60
60
60
60
60
60
60
60
60
60
60
60
60
60
60
60
60
60
60
60
60
60
60
60
60
60
60
60
60
60
60
60
60
60
60
60
60
60
60
60
60
60
60
60
60
60
61
60
60
60
60
60
60
60
60
60
60
60
60
60
60
60
60
60
60
60
60
60
60
60
60
60
60
60
60
60
60
60
60
60
60
60
60
60
60
60
37
60
60
60
60
63
60
60
60
60
60
60
60
60
60
60
60
60
60
60
60
60
60
60
60
60
60
60
60
60
60
60
60
60
60
60
60
60
60
60
60
60
60
60
60
60
60
60
60
60
60
60
60
60
60
60
60
60
60
60
60
60
60
60
60
60
60
60
60
60
60
60
60
60
60
60
60
60
60
60
60
60
60
60
60
60
60
60
60
60
60
60
60
60
60
60
60
60
60
60
60
60
60
60
60
60
60
60
61
60
60
60
60
60
60
60
60
60
60
60
60
60
60
60
60
60
60
60
60
60
60
60
60
60
60
60
60
60
60
60
60
60
60
60
60
60
60
60
60
60
60
60
60
60
60
60
-76
60
60
60
60
60
56
60
60
60
60
60
60
60
60
60
60
60
60
60
60
60
60
60
60
60
60
60
60
60
60
60
60
60
60
60
60
60
60
60
60
60
60
60
60
60
60
60
60
60
60
60
60
60
60
0
