61
-5
-706
11
1
-620
-540
-411
-140
-140
60
5
62
60
8
12
-393
60
-807
-936
-5
-859
-140
60
-798
46
-441
-503
14
6
8
4
60
-4
6
2
11
-644
47
5
-856
5
-648
11
-140
-746
37
-947
2
-683
60
7
8
-1
-397
1
-290
-289
-704
71
-140
3
60
-646
-588
-140
60
51
6
54
-140
-293
10
47
5
-9
64
-501
-342
-601
-140
-140
60
55
-402
-140
7
3
-548
13
60
59
-751
56
-562
43
-5
8
3
8
0
-241
71
9
9
1
-389
-242
9
66
-241
9
-587
53
5
-638
9
43
20
50
-4
-241
0
42
70
65
5
8
9
9
2
9
9
55
9
-659
61
60
2
-2
59
9
9
8
9
9
-637
9
9
3
-760
9
8
9
-1
-140
9
9
9
9
-655
32
60
9
48
9
9
-140
-15
9
1
9
44
9
9
9
8
8
9
-554
61
52
-661
-241
4
9
-338
9
9
60
-23
-241
0
9
62
9
7
8
-507
7
0
9
-9
4
9
9
60
-395
-336
49
9
9
60
9
5
0
61
6
5
-241
-241
2
-554
9
8
-650
2
-451
9
-699
8
8
-241
9
9
-498
10
9
-241
9
9
60
-1
9
-241
9
8
-3
49
8
-241
7
8
11
9
9
44
9
3
9
60
9
8
9
41
9
9
6
-9
10
-793
2
60
60
4
9
9
9
2
9
-4
-241
9
9
8
9
60
-3
9
-241
12
7
9
9
-241
9
34
7
56
-189
9
-432
-392
4
9
54
5
9
9
8
9
8
61
9
9
60
9
11
-241
4
46
-7
72
12
41
3
75
9
9
1
64
-7
2
9
-859
4
-241
9
1
9
9
9
-241
9
9
13
9
-9
4
60
9
9
9
-1053
-1
-658
56
-12
-439
9
37
9
10
9
-241
9
9
9
9
9
60
9
9
9
-140
36
9
60
5
1
-601
45
6
9
40
43
11
60
9
9
-559
10
9
9
9
9
3
37
9
9
4
9
4
-3
9
-241
-241
-241
9
9
9
9
48
8
-241
40
-863
-892
9
9
33
9
61
1
9
6
-241
-442
-4
4
4
19
60
-241
9
0
9
-13
63
-241
9
10
-767
9
-300
9
2
-9
9
2
50
3
9
-241
-1
-296
0
60
-241
6
9
-11
0
-633
52
1
9
9
-3
-710
42
9
9
9
-7
8
-450
9
-19
-542
-342
-688
60
8
60
60
10
32
6
-391
-140
7
45
10
-394
-140
-443
60
-900
55
-140
10
5
6
59
-6
3
-644
1
60
6
60
60
60
2
-5
11
11
-589
52
6
-1
-441
8
44
-643
8
-446
8
50
10
8
-540
14
48
3
60
6
60
11
54
11
49
7
-539
9
56
-342
52
-20
7
15
4
5
14
-657
-3
4
-600
54
7
-4
-704
6
-794
-4
8
49
-618
-598
55
-140
-448
-140
-140
-547
4
-140
-1
-703
-140
57
-592
34
52
-140
-450
-498
-4
-140
-292
-140
-140
3
60
64
60
-2
-443
47
9
9
60
-2
9
43
9
9
7
-6
-1
-241
8
9
-140
51
-443
-140
56
-3
9
-830
-608
9
60
9
-10
-402
-7
9
9
8
-242
7
9
60
9
9
6
9
9
60
9
9
9
9
9
-291
9
-241
16
9
60
-241
9
9
9
9
9
8
13
50
9
9
9
9
9
-441
-549
-649
9
60
9
9
-241
60
-293
9
-652
-241
-241
60
60
-241
60
45
43
4
-241
9
-4
9
9
1
-241
9
9
9
47
0
9
9
4
8
-8
60
-3
9
3
-241
9
9
50
-903
-11
60
54
9
8
9
-487
4
-591
9
40
17
9
9
51
9
-241
-1
9
9
9
9
61
13
47
9
9
9
-10
-140
8
8
9
80
-501
0
9
7
7
-31
-910
9
9
9
-1
9
53
-548
9
5
2
9
9
60
-18
12
53
2
9
3
4
-1
9
9
9
9
49
46
9
7
60
-4
9
-241
9
-655
-446
60
7
60
60
60
53
0
7
-3
49
60
60
60
3
7
9
-5
60
60
52
60
-6
-5
60
60
60
60
60
-404
60
-449
60
60
8
60
60
60
60
13
7
60
3
60
60
-2
48
-3
60
60
60
60
9
51
-5
-140
-4
60
60
-290
60
60
60
8
60
-140
14
60
66
60
-440
50
-140
60
60
-140
60
60
51
-1
60
7
39
3
9
-5
-241
60
-140
60
54
60
60
60
60
-655
60
-140
60
60
-140
60
60
5
41
60
60
60
8
60
55
61
60
3
48
60
60
60
-499
7
9
9
9
-824
8
9
-241
60
60
60
60
60
60
60
60
-1
0
60
60
60
-140
60
-1
60
60
61
7
-10
60
60
60
60
60
60
-140
60
7
-7
49
60
-14
-140
60
8
-899
60
60
10
-140
60
-398
60
60
-9
5
47
-140
60
46
60
-8
9
-13
60
60
60
-757
7
60
60
7
-140
40
-140
3
60
60
60
60
60
60
60
60
60
60
60
60
60
60
60
60
-140
60
60
60
60
60
60
60
60
-608
60
60
-140
36
1
60
60
60
-345
-4
60
60
-140
60
-3
60
60
60
-567
60
-140
60
60
60
45
1
60
60
-1
60
-140
51
60
60
60
60
60
7
60
60
60
60
12
60
60
-140
-140
60
4
-355
60
60
60
-7
60
-140
60
42
-754
60
13
6
60
60
60
-18
-140
60
0
60
60
8
60
60
-1
60
60
60
-140
2
60
46
10
60
60
60
43
-597
8
60
60
-978
-815
60
60
7
-140
9
-960
6
9
9
29
-655
46
9
9
-2
9
-1
-241
9
-5
9
9
24
-241
-1
60
60
60
60
7
3
-13
46
8
4
60
7
60
60
-140
60
7
60
60
60
60
60
60
-140
60
-652
10
60
-140
60
10
7
60
60
-2
43
60
60
60
-140
2
-140
60
60
60
1
60
60
-3
60
60
7
60
60
60
60
-5
0
60
44
54
60
60
60
-8
60
60
60
60
6
60
60
60
4
-619
9
9
9
9
9
9
9
9
9
39
60
60
50
60
60
60
-488
-2
60
60
60
9
60
60
9
60
60
9
60
-241
60
60
-4
42
60
55
60
5
60
60
60
4
10
60
-665
60
60
60
60
-37
44
60
60
60
-140
-140
8
60
60
60
60
60
60
60
5
60
60
60
60
10
60
60
60
60
-140
10
56
60
4
-140
60
60
60
60
-6
-340
60
60
-140
-5
7
60
-449
60
60
51
60
60
60
60
10
60
60
60
60
3
60
60
60
60
60
60
60
60
60
60
60
3
60
60
60
60
60
60
-13
-1
-140
60
60
60
60
3
60
60
8
60
7
60
7
60
-241
60
60
60
-1
60
60
60
-7
4
35
60
60
35
60
61
60
0
60
-140
-1
60
60
7
60
60
60
60
60
60
60
60
10
60
9
60
60
60
57
60
60
0
60
60
-386
60
60
60
60
60
60
-140
-4
60
60
60
60
60
60
7
60
-12
60
60
60
-140
60
60
60
-140
60
60
-6
60
60
60
36
60
60
60
-140
60
60
60
60
7
60
-4
60
7
-451
60
60
60
60
-551
60
-140
-140
47
60
7
60
60
60
60
-140
8
33
60
9
60
60
52
-5
66
60
60
60
-140
60
-27
60
60
60
6
60
60
60
-140
60
7
9
-241
60
60
60
60
60
60
60
60
60
60
60
1
-21
60
60
60
-140
-140
57
60
60
29
60
60
60
60
60
60
7
-31
60
60
9
60
60
-9
7
9
-241
60
60
60
-140
60
60
60
9
-140
-11
0
60
60
60
60
60
60
60
60
60
7
60
60
9
60
60
60
-15
60
60
60
60
41
60
6
60
60
60
60
60
60
60
60
1
45
60
-140
60
60
60
60
60
60
60
60
60
-140
60
60
60
60
7
60
60
60
-29
60
60
60
60
60
60
1
12
60
60
60
34
42
60
-15
-591
60
60
60
60
60
60
60
60
60
-140
60
0
-140
60
60
3
0
-4
60
60
60
60
60
60
60
53
8
60
60
60
60
60
60
-6
60
-14
8
-4
60
60
-140
-140
60
60
60
60
60
-10
10
60
7
60
10
60
46
60
60
-1
3
60
60
60
60
60
60
6
6
4
60
60
60
60
59
60
60
60
-140
-14
60
-3
60
10
10
60
60
0
60
60
60
60
60
60
0
-140
60
60
60
60
60
60
60
60
60
60
60
60
60
60
10
60
60
60
60
60
60
60
60
60
60
60
60
60
-140
60
60
1
60
60
-397
60
60
60
60
60
60
60
60
-12
60
60
60
60
60
60
7
60
60
60
60
-140
60
60
60
60
-21
60
46
60
60
-18
60
60
-7
60
60
60
60
0
52
60
60
60
60
60
9
60
-453
60
60
39
60
-13
60
60
60
60
60
60
60
60
60
60
10
-2
60
60
60
60
60
-614
2
49
60
60
60
60
61
60
60
60
60
40
60
11
-22
60
60
-10
60
60
-11
60
60
60
60
60
60
60
60
60
-140
60
-4
-140
60
-140
60
60
60
60
60
60
60
-9
60
60
60
60
60
60
60
60
60
-712
60
60
60
-140
60
60
60
60
60
52
-20
60
-854
60
60
-13
60
60
60
60
60
60
60
60
60
60
60
60
60
-8
60
60
60
-1
38
60
60
60
60
60
60
60
-302
60
60
60
60
-140
60
-140
60
60
60
7
60
60
7
-457
34
60
60
60
60
60
60
60
-21
60
60
60
60
60
60
60
60
60
60
-140
60
32
32
60
60
60
7
60
60
60
-140
60
60
60
8
60
60
-140
60
41
60
60
60
60
60
60
60
60
-140
7
60
60
60
60
60
7
60
60
60
-140
60
60
60
60
45
60
60
60
60
60
60
60
60
60
7
8
60
-140
11
-562
60
60
60
60
60
60
60
50
60
60
60
60
60
60
-2
60
60
60
60
60
60
60
60
60
60
-140
60
60
60
60
60
60
60
60
60
60
60
60
60
60
-12
60
60
-29
60
60
60
60
60
60
60
60
60
60
-605
60
60
60
60
60
60
60
60
60
-140
60
-140
60
60
60
60
24
60
60
60
60
7
60
60
60
60
60
60
60
-140
60
60
60
60
60
60
-140
60
60
60
60
60
60
-6
60
-140
60
60
60
60
60
60
60
60
60
60
60
60
60
60
60
60
60
60
60
60
60
60
60
60
60
60
60
60
60
60
60
60
60
60
60
60
60
60
60
60
60
60
60
60
-140
60
60
60
60
60
60
60
60
60
60
-140
60
60
60
60
60
60
7
60
60
60
60
60
29
60
60
60
60
60
60
60
60
60
7
60
60
60
60
60
60
60
60
7
60
60
60
-140
8
60
60
60
60
60
60
60
60
60
60
60
60
60
60
60
60
60
60
60
60
60
60
60
60
60
-140
60
60
60
60
60
60
60
60
60
60
60
60
60
60
-140
60
-20
60
60
-13
60
60
60
60
-12
60
60
60
60
60
60
60
60
60
60
60
60
60
60
60
60
60
60
60
60
60
60
60
60
60
60
60
60
60
60
60
60
60
60
60
60
60
60
6
60
60
60
60
60
60
-140
60
7
60
60
60
60
60
60
60
60
60
60
60
60
60
60
60
60
60
60
60
-25
60
60
60
-732
60
60
3
60
60
60
60
7
9
9
9
9
17
7
9
9
9
9
9
9
9
9
9
9
9
44
9
9
9
9
9
9
9
9
9
9
9
9
9
9
9
9
9
9
9
9
9
9
9
9
9
9
9
9
9
9
9
-241
60
27
60
60
60
60
60
60
60
60
60
60
60
60
60
60
60
60
60
60
60
60
5
60
60
60
60
60
60
60
60
-443
60
60
60
60
60
60
60
-6
60
60
60
60
60
60
60
60
60
60
60
26
60
60
60
60
60
60
60
60
60
60
60
60
60
60
60
60
60
60
60
60
60
60
60
60
60
60
60
60
60
60
60
60
60
60
60
60
60
60
60
60
60
60
60
60
60
60
60
60
60
60
60
60
60
60
60
60
60
60
60
60
60
60
60
60
60
60
60
60
60
60
60
60
60
60
60
60
60
60
60
60
60
60
60
60
60
60
60
60
60
60
60
60
60
60
60
60
60
60
60
60
60
60
60
60
60
60
60
60
60
60
60
60
9
60
60
60
60
60
60
60
60
60
60
60
60
60
60
60
60
60
60
60
60
60
60
60
60
60
60
-41
60
60
60
60
60
60
60
60
60
60
60
60
60
60
60
60
60
60
60
60
60
60
60
60
60
60
60
60
60
60
60
60
60
60
60
7
60
60
60
60
60
60
60
60
60
60
60
60
60
60
60
60
60
60
60
60
60
60
60
60
60
60
60
60
60
60
60
60
60
60
60
60
60
60
60
60
60
60
60
60
60
60
60
60
60
60
60
60
60
60
60
60
60
60
60
60
60
60
60
60
60
60
60
60
60
60
60
60
60
60
60
60
60
60
60
60
60
60
60
60
9
60
60
60
60
60
60
60
60
60
60
60
60
60
60
60
60
60
60
60
60
60
60
60
60
60
60
60
60
60
60
60
60
60
60
60
-1007
60
60
60
60
60
60
60
60
60
60
60
60
60
60
60
60
60
60
60
60
60
60
60
60
60
60
60
60
60
60
60
60
60
60
60
-649
60
60
60
60
60
60
60
60
60
60
60
60
60
60
60
60
60
60
60
60
60
60
60
60
60
60
60
60
60
60
60
60
60
60
60
60
60
60
60
60
60
60
60
60
60
60
60
60
60
60
60
60
60
60
60
60
60
60
60
60
60
60
60
60
60
60
60
60
60
60
60
60
60
60
60
9
60
60
60
60
60
60
60
60
60
60
60
60
60
60
60
60
60
60
60
60
60
60
60
60
60
60
60
60
60
60
60
60
60
60
60
60
60
60
60
60
60
60
60
60
60
60
60
60
60
60
60
60
60
60
60
60
60
60
60
60
60
60
60
60
60
60
60
60
60
60
60
60
60
60
60
60
60
16
60
60
60
60
6
60
60
60
60
60
60
60
60
60
60
60
60
60
60
60
60
60
60
60
60
60
60
60
60
60
60
60
60
60
60
60
60
60
60
60
60
60
60
60
60
60
60
60
60
60
60
60
60
60
60
60
60
60
60
60
60
60
60
60
60
60
60
60
60
9
60
60
60
60
60
60
60
60
60
60
60
60
60
60
60
60
60
60
60
60
60
60
60
60
60
60
60
60
60
60
60
60
60
60
60
60
60
60
60
60
60
60
60
60
60
60
60
60
60
60
60
60
60
60
60
60
60
60
60
60
60
60
60
60
60
60
60
60
60
60
60
60
60
60
60
60
60
60
60
60
60
60
60
60
60
5
60
60
60
60
60
-2
60
60
60
60
60
60
60
60
60
60
60
60
60
60
60
60
60
60
60
60
60
60
60
60
60
60
60
60
60
60
60
60
60
60
60
60
60
60
60
60
60
60
60
60
60
60
60
60
60
60
60
60
60
60
60
9
60
60
60
60
60
60
60
60
60
60
60
60
60
60
60
60
60
60
60
60
60
60
60
60
60
60
60
60
60
60
60
60
60
60
60
60
60
60
60
60
60
60
60
60
60
60
60
60
60
60
60
60
60
60
60
60
60
60
60
60
60
60
60
60
60
60
60
60
60
60
60
60
60
60
60
60
60
60
60
60
60
60
60
60
60
60
60
60
60
60
60
60
60
-629
60
60
60
60
60
60
49
60
60
60
60
60
60
60
60
60
60
60
60
60
60
60
60
60
60
60
60
60
60
60
60
60
60
60
60
60
60
60
60
60
60
60
60
60
60
60
60
60
60
60
60
60
60
9
60
60
60
60
60
60
60
60
60
60
60
60
60
60
60
60
60
60
60
60
60
60
60
60
60
60
60
60
60
60
60
60
60
60
60
60
60
60
60
60
60
60
60
60
60
60
60
60
60
60
60
60
60
60
60
60
60
60
60
60
60
60
60
60
60
60
60
60
60
60
60
60
60
60
60
60
60
60
60
60
60
60
60
60
60
60
60
60
60
60
60
60
60
60
60
60
60
60
60
60
60
60
60
60
-625
60
60
60
60
3
60
60
60
60
60
60
60
60
60
60
60
60
60
60
60
60
60
60
60
60
60
60
60
60
60
60
60
60
60
60
60
60
60
60
60
60
60
9
60
60
60
60
60
60
60
60
60
60
60
60
60
60
60
60
60
60
60
60
60
60
60
60
60
60
60
60
60
60
60
60
60
60
60
60
60
60
60
60
60
60
60
60
60
60
60
60
60
60
60
60
60
60
60
60
60
60
60
60
60
60
60
60
60
60
60
60
60
60
60
60
60
60
60
60
60
60
60
60
60
60
60
60
60
60
60
60
60
60
60
60
60
60
60
60
60
60
60
60
60
60
60
60
60
60
60
60
60
60
60
60
60
60
60
-5
60
60
7
60
60
60
60
60
60
60
60
60
60
60
60
60
60
60
60
60
60
60
60
60
60
60
60
60
60
60
60
9
60
60
60
60
60
60
60
60
60
60
60
60
60
60
60
60
60
60
60
60
60
60
60
60
60
60
60
60
60
60
60
60
60
60
60
60
60
60
60
60
60
60
60
60
60
60
60
60
60
60
60
60
60
60
60
60
60
60
60
60
60
60
60
60
60
60
60
60
60
60
60
60
60
60
60
60
60
60
60
60
60
60
60
60
60
60
60
60
60
60
60
60
60
60
60
60
60
60
60
60
60
60
60
60
60
60
60
60
60
60
60
60
60
60
60
60
60
60
60
60
60
60
60
-9
60
60
60
7
60
60
60
60
60
60
60
60
60
60
60
60
60
60
60
60
60
60
60
9
60
60
60
60
60
60
60
60
60
60
60
60
60
60
60
60
60
60
60
60
60
60
60
60
60
60
60
60
60
60
60
60
60
60
60
60
60
60
60
60
60
60
60
60
60
60
60
60
60
60
60
60
60
60
60
60
60
60
60
60
60
60
60
60
60
60
60
60
60
60
60
60
60
60
60
60
60
60
60
60
60
60
60
60
60
60
60
60
60
60
60
60
60
60
60
60
60
60
60
60
60
60
60
60
60
60
60
60
60
60
60
60
60
60
60
60
60
60
60
60
60
60
60
60
60
60
60
60
60
60
60
-25
60
60
60
60
7
60
60
60
60
60
60
60
60
60
60
9
60
60
60
60
60
60
60
60
60
60
60
60
60
60
60
60
60
60
60
60
60
60
60
60
60
60
60
60
60
60
60
60
60
60
60
60
60
60
60
60
60
60
60
60
60
60
60
60
60
60
60
60
60
60
60
60
60
60
60
60
60
60
60
60
60
60
60
60
60
60
60
60
60
60
60
60
60
60
60
60
60
60
60
60
60
60
60
60
60
60
60
60
60
60
60
60
60
60
60
60
60
60
60
60
60
60
60
60
60
60
60
60
60
60
60
60
60
60
60
60
60
60
60
60
60
60
60
60
60
60
60
60
60
60
60
60
60
60
60
-629
60
60
60
60
60
1
60
9
60
60
60
60
60
60
60
60
60
60
60
60
60
60
60
60
60
60
60
60
60
60
60
60
60
60
60
60
60
60
60
60
60
60
60
60
60
60
60
60
60
60
60
60
60
60
60
60
60
60
60
60
60
60
60
60
60
60
60
60
60
60
60
60
60
60
60
60
60
60
60
60
60
60
60
60
60
60
60
60
60
60
60
60
60
60
60
60
60
60
60
60
60
60
60
60
60
60
60
60
60
60
60
60
60
60
60
60
60
60
60
60
60
60
60
60
60
60
60
60
60
60
60
60
60
60
60
60
60
60
60
60
60
60
60
60
60
60
60
60
60
60
60
60
60
9
60
60
60
60
5
60
60
60
3
60
60
60
60
60
60
60
60
60
60
60
60
60
60
60
60
60
60
60
60
60
60
60
60
60
60
60
60
60
60
60
60
60
60
60
60
60
60
60
60
60
60
60
60
60
60
60
60
60
60
60
60
60
60
60
60
60
60
60
60
60
60
60
60
60
60
60
60
60
60
60
60
60
60
60
60
60
60
60
60
60
60
60
60
60
60
60
60
60
60
60
60
60
60
60
60
60
60
60
60
60
60
60
60
60
60
60
60
60
60
60
60
60
60
60
60
60
60
60
60
60
60
60
60
60
60
60
60
60
60
60
60
60
60
60
60
60
60
9
60
60
60
60
60
60
60
60
60
60
60
60
-838
60
60
60
60
4
60
60
60
60
60
60
60
60
60
60
60
60
60
60
60
60
60
60
60
60
60
60
60
60
60
60
60
60
60
60
60
60
60
60
60
60
60
60
60
60
60
60
60
60
60
60
60
60
60
60
60
60
60
60
60
60
60
60
60
60
60
60
60
60
60
60
60
60
60
60
60
60
60
60
60
60
60
60
60
60
60
60
60
60
60
60
60
60
60
60
60
60
60
60
60
60
60
60
60
60
60
60
60
60
60
60
60
60
60
60
60
60
60
60
60
60
60
60
60
60
60
60
60
60
60
60
60
60
9
60
60
60
60
60
60
60
60
60
60
60
60
60
60
60
60
60
60
60
60
60
60
60
60
-25
60
60
6
60
60
60
60
60
60
60
60
60
60
60
60
60
60
60
60
60
60
60
60
60
60
60
60
60
60
60
60
60
60
60
60
60
60
60
60
60
60
60
60
60
60
60
60
60
60
60
60
60
60
60
60
60
60
60
60
60
60
60
60
60
60
60
60
60
60
60
60
60
60
60
60
60
60
60
60
60
60
60
60
60
60
60
60
60
60
60
60
60
60
60
60
60
60
60
60
60
60
60
60
60
60
60
60
60
60
60
60
60
60
60
60
60
60
60
60
60
60
60
9
60
60
60
60
60
60
60
60
60
60
60
60
60
60
60
60
60
60
60
60
60
60
60
60
60
60
60
60
60
60
60
60
25
60
60
60
-2
60
60
60
60
60
60
60
60
60
60
60
60
60
60
60
60
60
60
60
60
60
60
60
60
60
60
60
60
60
60
60
60
60
60
60
60
60
60
60
60
60
60
60
60
60
60
60
60
60
60
60
60
60
60
60
60
60
60
60
60
60
60
60
60
60
60
60
60
60
60
60
60
60
60
60
60
60
60
60
60
60
60
60
60
60
60
60
60
60
60
60
60
60
60
60
60
60
60
60
60
60
60
60
60
60
60
60
60
60
60
60
9
60
60
60
60
60
60
60
60
60
60
60
60
60
60
60
60
60
60
60
60
60
60
60
60
60
60
60
60
60
60
60
60
60
60
60
60
60
60
60
-33
60
60
60
60
5
60
60
60
60
60
60
60
60
60
60
60
60
60
60
60
60
60
60
60
60
60
60
60
60
60
60
60
60
60
60
60
60
60
60
60
60
60
60
60
60
60
60
60
60
60
60
60
60
60
60
60
60
60
60
60
60
60
60
60
60
60
60
60
60
60
60
60
60
60
60
60
60
60
60
60
60
60
60
60
60
60
60
60
60
60
60
60
60
60
60
60
60
60
60
60
60
60
60
60
60
60
60
9
60
60
60
60
60
60
60
60
60
60
60
60
60
60
60
60
60
60
60
60
60
60
60
60
60
60
60
60
60
60
60
60
60
60
60
60
60
60
60
60
60
60
60
60
60
60
60
-409
60
60
60
60
60
2
60
60
60
60
60
60
60
60
60
60
60
60
60
60
60
60
60
60
60
60
60
60
60
60
60
60
60
60
60
60
60
60
60
60
60
60
60
60
60
60
60
60
60
60
60
60
60
60
0
